bb.a1 = 0.005;
bb.a0 = 0.003;
bb.thrust = 0.001;
